X_train : 
[[ 3.  0. 16. ...  0.  0.  1.]
 [ 1.  1. 17. ...  1.  0.  0.]
 [ 1.  0. 37. ...  1.  0.  0.]
 ...
 [ 3.  0. 61. ...  0.  0.  1.]
 [ 2.  0. 46. ...  0.  0.  1.]
 [ 3.  0. 22. ...  0.  0.  1.]]

X_test : 
[[ 3.  0. 24. ...  0.  0.  1.]
 [ 2.  1. 42. ...  0.  0.  1.]
 [ 2.  0. 42. ...  0.  0.  1.]
 ...
 [ 3.  0. 22. ...  0.  0.  1.]
 [ 1.  0. 27. ...  1.  0.  0.]
 [ 3.  0. 40. ...  0.  0.  1.]]

y_train : 
764    0
307    1
273    0
349    0
756    0
      ..
558    1
520    1
326    0
397    0
521    0
Name: Survived, Length: 712, dtype: int64

y_test : 
335    0
432    1
288    1
170    0
376    1
      ..
885    0
525    0
320    0
681    1
561    0
Name: Survived, Length: 179, dtype: int64

LogisticRegression()
[0 0 0 0 1 0 0 0 0 0 0 0 0 0 0 0 0 1 0 0 0 0 0 0 0 0 1 1 0 1 0 0 0 1 0 1 1
 0 0 1 0 0 0 0 0 0 0 0 0 1 1 1 0 1 0 1 1 0 0 1 0 0 1 0 0 0 0 0 1 1 1 1 0 1
 1 0 0 1 0 1 0 0 1 1 1 1 0 1 0 1 0 0 0 0 0 1 0 0 0 0 0 0 0 1 0 1 0 0 1 1 1
 0 0 0 0 0 0 1 0 1 0 0 0 1 0 0 1 0 1 0 0 0 1 1 0 1 0 0 0 0 0 1 0 0 1 0 0 0
 1 1 0 0 0 0 0 1 0 0 0 0 0 0 0 0 0 0 0 0 0 0 0 0 0 1 1 0 1 0 1]
0.2011173184357542


KNN:
[0 0 0 0 0 0 0 0 0 0 0 0 0 1 0 0 0 0 1 0 0 1 1 1 1 0 0 0 0 1 0 0 0 1 0 1 1
 0 0 0 0 0 0 0 0 0 0 1 0 1 1 1 1 1 1 1 0 1 0 1 0 0 1 0 0 0 0 0 1 1 0 0 1 0
 1 0 0 1 0 1 0 0 0 0 0 0 0 1 0 1 0 0 0 1 1 1 0 0 1 0 0 0 1 1 0 1 0 0 0 0 0
 0 0 1 0 0 1 1 1 0 0 0 0 1 0 1 1 0 1 0 0 0 0 1 0 0 0 0 0 0 0 1 0 0 1 0 0 0
 1 1 0 0 1 0 0 1 0 0 0 1 0 0 1 0 0 0 0 0 0 0 0 1 0 0 0 1 1 0 1]

MLPclf = MLPClassifier(hidden_layer_sizes=(150, 100, 50), activation="relu", max_iter=300, solver='adam')
[1 1 0 1 0 0 1 0 0 0 1 0 0 1 0 0 1 1 0 0 0 0 1 1 0 0 0 1 0 1 0 0 0 0 0 1 1
 0 0 1 0 0 1 1 0 0 1 1 0 0 0 0 1 0 1 0 0 1 0 0 0 1 1 0 1 1 0 0 1 0 1 0 1 0
 0 1 0 0 0 1 0 0 1 1 1 1 1 0 0 0 0 1 0 0 0 0 0 1 1 1 1 0 1 0 1 1 1 1 0 0 0
 0 0 1 1 0 0 1 1 1 1 0 1 1 1 0 0 0 1 1 0 1 0 0 0 1 1 1 0 0 1 0 0 0 0 1 0 1
 0 1 0 0 0 1 0 0 1 0 0 1 0 0 0 0 0 1 0 0 1 1 1 0 1 1 0 0 0 0 1]